15923596
12260549
7892333
12930663
3340302
16570373
9606265
10169410
11921347
11931762
13063108
14406086
16582018
13913337
10404910
13414987
11072857
5953845
2359044
4935073
8753316
2889208
14733333
9342260
2041698
9064414
11456974
16668292
15411067
2132048
16292758
9760618
618259
15513660
10912310
10047983
9990252
14079635
4101455
8324072
8238503
14336083
362265
5271538
1257610
14679615
8077551
12545820
9731514
3956433
9798247
4184601
14891783
15735559
11154883
16522176
9739581
2458566
6981327
6109785
4743815
7822666
11689023
16013116
2972305
10782704
4909770
6605410
9848020
5466876
1425460
8169102
6778613
7792805
1449617
1399052
8190127
338845
5228792
15290965
6494173
5648297
12037600
16261437
13780262
13887862
11080751
9530883
6584388
4515829
12007959
14084871
8001880
13454271
822141
9049024
12063399
6566349
1887408
8568148
1604329
13235930
8755420
1094666
16718779
15067661
15623550
8610788
10293528
9607519
2201802
4304295
15125872
4155953
6560698
9059053
8835529
12768773
11326736
14280681
571771
15443937
2591831
1117994
7152992
3068988
4550244
13819606
10641883
3337356
5743514
14839458
726475
8342143
6334097
7370308
3675547
9076461
1905515
10585077
1756311
3575587
7534712
7405159
7616339
15296999
14023531
5014391
9028451
7054787
3626642
8395252
14461580
12651952
8153909
2608881
4888997
7624958
16630840
15641416
10890411
3168679
12548830
2441792
11567611
2439586
10307950
1479611
9491823
1011401
4569368
14981300
12822783
6542857
11992169
6088086
6152879
5438518
4956683
3508327
16111350
12887484
10192784
2764487
4803175
12249252
14660938
9178730
13950241
1244948
1453615
5158866
4937139
16043323
15570167
12940292
15146799
521742
16506269
10483736
5750496
2385854
2513784
11457243
9156743
1129696
12080142
10819055
10777623
3308396
1837268
8670031
15031527
7932065
4379088
659123
1587157
8624522
11963424
12762573
1778459
5346707
12002598
11147316
4906947
4586493
6717692
15508847
14215221
5386312
16592016
10875574
5368323
2489828
6831272
16363445
387358
2138698
8136354
11810806
4098206
4575134
15284636
4446870
9146338
10652281
7754304
9189697
10754589
181539
10507306
10371018
15221124
9470652
3571044
12956725
14372347
8589087
16031264
4407680
10762443
15662657
11676737
15108914
7793398
2871487
15389426
12683881
16591309
1213684
1965541
13353984
8082682
10442137
5810513
1785923
8685998
7494219
5693235
11556033
4163485
9677970
2450115
7136723
10872147
16758571
751697
7257275
6111722
8199745
14421292
6272634
7516539
9078784
15076457
6556657
2529148
644780
15855043
9945926
10972688
7018934
2342615
10211902
1507994
8825802
12615796
16434887
14079504
2640327
6085786
8287188
5335651
7613382
8673835
10322537
15279328
6006533
10118196
4363978
14374825
200540
4263929
5539248
8468858
2521677
2593218
14205617
6015639
12176968
12191913
16022803
13340469
6154184
13414517
14278864
6015686
6317357
8311192
2331597
2466722
15549174
16440899
2625784
12968653
13327848
3617662
5968233
7434308
1722655
3197423
12401818
409589
12704938
6543090
12724566
10100351
14106460
1752892
2488083
7022119
12309985
16370767
12382293
10030002
2943722
14323828
6655944
16175033
2728506
3915228
15243523
8950451
1311719
14293011
4964371
3581987
15919045
9238197
9729620
14606254
10820654
11348155
988319
15603789
16662680
2800776
905288
8278694
2162046
12045631
726824
11981444
13838561
13614460
7689374
8037513
13253520
4961792
6574909
14922686
16420812
12945253
15719142
11280927
1777747
2464835
14718467
4974388
6285373
204962
479393
13688773
733680
7946210
2571925
4718862
8832942
6680245
1699799
12503109
5856197
14184165
14424572
15481883
12583734
9378313
11624411
8706206
4013327
9650802
15801171
16117321
2280466
16093663
2166160
9157165
3098964
7694236
4605477
15769329
12095147
11515622
11331076
12598276
10502235
2352766
10180235
6615438
8210555
7046773
2861977
9235404
13044921
10118453
9705505
4116231
6138564
16573410
3824539
15810069
3166664
13787155
13300297
9363225
3584376
1396982
16287619
6837613
7396106
14302130
15529444
12417801
10835796
7408118
3547837
3770127
3651783
4419893
12824051
11717177
7520645
7408962
5378864
15809438
13115133
2252896
12524094
2011315
11378381
8002047
6148192
3127727
5510485
8228564
8491141
15179597
13404053
4990159
12552820
7260048
10596422
7685922
4179526
2043014
12250578
2630925
14397409
14475544
3859740
1025522
10418857
566443
4627758
3502223
15349270
196082
10097663
3419899
14687642
16545647
5827934
8789859
247529
16290853
15670453
16580361
11593374
9146503
3316246
10953868
16179737
9347655
11287611
2792394
988021
12927081
2209153
11594802
4661162
12590135
5704442
2899362
16546818
5333455
5659559
7234374
12258669
7869611
4373666
2702143
11292324
9101331
962235
4214804
15048571
1076609
3488886
13826601
12623210
6334978
11220394
1562304
11983089
178205
8972841
15954699
4155979
14316613
6027241
190509
13381567
9060034
1742058
3601395
7443929
2848250
8168153
8793413
1850314
4714292
1235945
11949634
11434374
15696277
6072012
4178970
9600819
15666816
13194470
10967430
10652681
14713777
13601518
16439278
5210903
277845
16696068
5062655
930786
6916315
13220138
15057029
12263812
15819699
1065350
8791309
8642966
13693699
5944401
1763541
12100349
10263133
4689832
1560884
13873324
9666216
7539846
6307964
9065293
2889708
1877048
14355212
1778674
15671131
6715225
12545799
13000454
3901125
13130022
2789307
7935771
9409207
5059181
15885181
731233
653559
14375079
10942796
11318592
16175207
7162154
12987948
7327713
13561401
4816681
189594
5908816
14103896
5142365
15816248
2779764
13012978
14851765
1221627
709373
13266871
5387304
16060388
11422828
5727921
8911353
1750916
5705774
15911116
10023495
1694734
388628
13786072
13887122
1056516
9642118
16413021
7590910
12332260
11746343
12900853
315359
484747
10440202
6286500
13824679
13938498
12231688
3165577
7097575
2949540
4414323
10722692
1043274
8506305
12900593
5777320
2500000
16077072
8797748
15913230
12362543
6608358
7154935
11785037
9567520
9048627
1007563
16541944
10430670
10302331
1336867
4640186
14606347
12110059
6424407
5275678
5977873
16419199
4339058
4080068
1585092
4782116
6038036
5704365
3813964
4894651
15983365
861537
347304
11437251
13461171
1805073
5076961
6737761
9265233
3008604
326383
14676547
7390514
5864510
1215214
2270412
5160597
12665475
13944688
4027562
14039593
1444226
2296326
13983682
7931241
13279027
10201819
3215138
815656
12718943
10578759
15929675
2265772
4195222
9819056
11477478
14298921
5593249
12533200
12843399
12880542
6888567
8247434
3663302
9639850
16573001
2629875
678797
8285303
352254
2203126
10706683
3308656
2590806
3261211
2867399
8953155
5889853
8582271
12995720
8959882
4427044
7146439
2476227
5417034
1606366
13196569
6128870
15010973
6677605
7804304
7521798
397790
1834451
4422551
10882096
2779132
2671199
1167006
13728715
14214858
6275173
1017949
11074453
720807
5212036
2619262
13849645
15577148
4826496
6458356
15404355
7319218
13239301
12896701
13720007
10953071
2487182
14309549
3034001
8251683
1992306
16044355
1581873
12890592
3250634
1052675
9108883
14179284
16510991
3634378
12169826
8807520
12603996
6851304
4683498
2666851
15778039
7949150
14945656
1915080
2261287
5453211
5958651
11176644
2012577
9743973
1313230
11350946
10700431
16308558
14014288
16154480
13788909
12712195
1533432
15434893
13651249
1861422
1235037
9694926
8774990
15439697
9036416
467368
3954892
16523779
10436457
3641818
13811508
10053978
12356870
4991961
7048266
2456860
16692689
14881177
11553353
13438776
320667
8428848
6995007
5484708
1547619
16739424
10092198
7828814
13033959
3088438
3011258
2252053
7986449
12364164
9304724
15558915
10961179
11762814
8620220
13017337
12836021
14368882
14908668
9379822
8433425
442929
10021192
13614486
4812059
16035276
10636321
12545236
2797238
4606962
1192266
16044227
9979167
14218886
12490163
8314741
5386020
6278110
10907466
14238593
9410567
9195158
14605555
3095945
15851120
14149104
13976884
3102359
13898977
11583052
8979171
7906522
8079525
14702504
8658470
10727367
15555103
15038152
6183988
16463848
15058414
8018466
12650888
1176540
7050280
11832244
16719885
16545797
11869796
3918214
12557401
7951153
14915876
3931580
6505019
7233876
15310205
13871633
14088467
15235036
15949746
10905297
15074028
8126099
15340194
15917180
16207336
11435578
11676113
14954192
5776792
4422691
7335890
9855260
3979477
1477098
10037422
12055692
710699
6865718
8018669
2274940
6525007
11084550
3848599
7720138
10410765
2316170
10131841
14388671
14716653
16109735
10201043
4791868
11432488
10785708
11846324
8058012
13651949
15228786
10427021
13383440
7278213
160029
13833773
8856117
9366005
3140696
5439913
2571784
11761567
4901713
8960657
4915619
16139484
8398130
11267993
9295555
1737471
2719216
13891955
13451892
4064998
3881565
12737045
6927914
15409234
3072068
8671824
3633395
2663757
10008087
3684052
11303332
7251828
14283077
8647043
8029567
16401254
10278835
3462419
2906375
8252847
11667749
11287464
15235010
12950357
15805022
1028130
16236769
1748658
12916441
3027327
9875471
14101139
3397787
6406829
11634721
5328230
12145009
13464497
16494262
1395764
7583522
2465287
13912489
3201078
12441290
15311241
8580761
9226821
6761298
2569257
13594587
13538295
13824619
4174095
13297103
3587859
4451038
581292
9156005
4921330
7518478
4829831
11670690
14442188
5053408
13351021
9782814
8863042
15943339
4404435
16470190
8089917
16553481
14408484
15153475
14600983
867979
8860584
9365368
14869282
15658757
5602720
9368017
7725312
5189174
8133663
15192376
5367244
16029139
6441704
251356
12494800
16197053
15402904
3930681
13341587
5409335
6854143
2949412
16697666
2570555
2543727
3974790
7405265
10827498
12470659
7529903
14521846
4567296
1578868
3547447
11268323
14917310
12557799
1332417
15112413
11169629
16561327
6833718
2190833
11560546
1555585
4792244
14065342
5538917
5595499
1311408
7885288
8080869
3768611
7497155
12775384
3475874
1158391
13149716
11143807
1992374
3049358
8894795
13214046
13054249
4489512
14076641
4952476
572481
14982497
9997463
12745672
7927019
14851853
10206226
5593863
11288279
9669843
445376
8780459
15598784
6590430
10324339
8120234
9865749
12910574
6958759
12935725
8876813
10127763
1931943
8527962
7444833
2094979
14656420
2346411
1847670
6076964
9846331
3701101
6072010
326815
7420131
1340094
10924164
2183161
7409526
12857351
1329623
11914922
15933448
7871266
10151599
485746
9640787
10269039
13727107
14212094
10865955
3739575
6792375
7264539
3582550
814166
5844490
10767914
247681
1267227
4746934
9854826
10486418
9038682
2799809
7855775
3246175
13842968
8262361
7642786
13800116
3680182
14918024
263163
7780629
10199905
14936106
7053511
6669391
10584676
10369833
10245054
11945919
6205404
4194653
4672277
15323461
12042659
4733227
15609750
15474416
13857268
12169474
5934613
5252489
3592238
6400861
11403526
16634497
3377708
13467149
9143461
8926231
379653
13696191
9724323
16206077
9083512
2890023
8783892
12268382
1583652
3317995
8624541
16469696
6441352
5309607
5407409
15266550
1015816
12244159
4905436
12850512
4174745
3502760
1441242
10611169
8219471
14368857
3506782
8972035
1752551
13000230
13143043
16562732
189801
10183211
4432162
9227373
5425510
791944
5522090
8500287
8919195
2585667
10199374
6260407
11188430
5328530
8584130
16081302
15750976
4454005
9559508
857952
15738280
5270811
1575299
8506439
830881
16265624
6256206
2102128
7534438
16574326
3861281
9246224
4380476
6939011
8806485
5911990
2185008
9479432
7267434
982848
10756059
11910378
11352831
7145742
3551871
7853281
4660671
13908803
16115800
13224917
10347985
14424392
9971224
330713
16229736
6676000
4859485
1664727
542684
7528114
11518613
2194186
3362501
11848634
2704913
10441393
9375542
4361692
5153540
12304678
6750020
14343952
14308348
1226122
12090520
5839505
6997449
7813764
2522297
7306591
5522695
9935988
2853474
10818214
14745428
12698971
607216
12940885
6132209
7434581
15067556
7961242
1455565
13938961
1135118
13004870
4729627
11475706
1797011
5737371
5069904
13566225
6692531
5811334
14878966
5868132
4946170
6559739
16243667
14765319
13453406
11316695
13913355
9581079
12006662
15560861
8732499
10115585
4499464
15022112
6096600
12930434
578582
16182129
4296810
4655438
11183219
8994375
9846653
6944817
8293072
9478268
15980768
15362963
10203446
4890735
12185216
11263488
2966835
2660482
3126617
8366076
321775
8395378
6941065
4048616
14618864
10649051
15977660
15530237
5875105
7499732
3326073
7695016
13685170
3138943
7821165
14500224
15261119
5292043
7521969
4837855
7238044
4684762
11708665
7778048
15917008
4717403
9062888
14291926
15223746
4769382
5760582
818795
16697917
10989084
12658275
15890842
11274687
6209706
2865658
3033918
3067950
7652782
11503617
6944922
2791746
3235995
3010581
11162062
327691
757740
16103132
4034672
16267701
15926255
1796468
14008095
9556866
12911461
871921
3301631
11464143
585079
9686868
14846519
11556009
11033648
7940505
14567323
6215739
4280059
1955422
2712669
7673630
1918623
5684033
6519646
3487258
5628339
5683321
15994678
15312829
12725917
2047790
7207516
4310428
12043492
5559263
15653144
10184903
3921925
13865137
14918361
750183
4472743
12195233
2171280
7017499
7807433
5769379
3116347
3415311
12851312
4914486
6592907
13062231
14402327
4911498
2139354
2637393
6060639
15769131
8352758
5826943
1503088
4172861
8558425
7078486
2545113
15797395
16182620
12996880
14228440
1089385
9632699
16008121
5427089
11802708
10449503
8260865
5938439
2128843
592862
10520969
1975914
15737581
278138
13414579
6128594
16531076
14709886
12179197
11173474
5780171
15961593
1105474
2226857
5155424
14653825
4896551
13644787
10432210
1208217
3449408
5862508
3649635
7288221
12810835
4833545
14443571
7725997
3489612
8534625
7237517
11826722
9049682
10015253
6234150
12077128
15020669
12866723
332563
13475060
11372144
3600195
13385386
136003
12311859
6317510
8054285
6802562
3990350
2200422
3741413
3640477
1102889
5955597
3044048
8055492
6993498
2535334
14755135
5283093
12343143
13760496
2978799
9470478
15681581
8843377
15153878
4839026
14871022
13821250
10665002
11677640
15520886
9346508
13488483
10263647
16737213
352715
9898547
3115720
13281728
15509124
12347958
15713864
8334344
14606738
5569695
6845550
9979596
6114127
10720851
4469801
7966008
6536887
1313250
3244351
9929393
2421859
16412002
1679798
4802468
5603352
8814510
10129174
13154442
9437602
10932344
16614597
2927488
4226959
13835417
12171433
8243941
6019783
10870125
5895541
5412348
5669414
906847
9609087
3186358
5122756
10055359
8880102
4043034
3625461
12242584
4947728
2844934
853693
14183354
4477190
9521443
6821639
3168076
13411638
13030939
3786439
12583916
12415311
1830480
395785
4929590
3130773
6663252
8424412
2078857
15708649
257165
12134679
2958613
9905966
9771124
1823791
3362273
10326555
15492825
10605674
12879076
14083276
5393568
11408460
6973048
13087860
366415
1615418
9455962
10510951
9537218
2560300
3645665
10648733
12408882
12220057
14460304
504633
14937741
4959409
10131714
11870268
8039962
4802977
14807582
652718
5703403
6880171
12264646
6870742
1019568
15590315
9174165
15770580
4696573
4903395
12094453
3794457
9409256
13561073
5857200
11436155
7975552
3307069
3101237
10488196
13150034
6810457
14700822
12264117
3051707
3270274
5206495
1451461
2236515
5367482
9343237
12724957
11408583
8320981
4431299
11295182
12246080
11356519
15521747
15918542
6402910
15578726
9062254
8474887
2772742
1997899
7814279
14978182
1537528
12102760
6864666
8272764
1210887
13556578
2072445
16017347
16425574
2239969
903637
2228872
11919864
9432284
467812
5630188
6091188
5336148
16744976
8401365
8428433
4276918
10497656
5456594
1698183
16575194
9977369
3186224
4225430
5250066
4541775
15808132
8165040
520367
10063798
11408649
936651
571678
10657821
11575777
164665
3919301
16463715
9720098
7399872
10772949
13449917
1435408
5983646
15346277
12197222
2626109
10920972
1727847
10227567
11763090
442999
12136557
15534660
13993812
11284949
6391177
15244180
9299724
9160008
6496817
257982
13581352
137780
16760465
14458188
15063938
9875641
13297815
11999982
2518195
15332462
1993361
12687448
4180524
15213033
12732267
11509660
14484041
6453625
2943815
1368080
12567948
5594662
5291138
14791791
15568878
11783371
12612663
7027664
2398967
14265783
4559796
13143824
6186171
5555959
8571816
9702072
2895671
1712639
945978
4822746
10894539
5529599
9840355
11602716
12731257
7424174
7301494
8420416
866966
7052021
1641330
8362360
3637039
3819840
15796929
3730029
13739039
9340875
6950065
15751759
5571853
11851145
3183415
9379920
1007861
9442270
2251391
2544072
13693660
8991098
3313178
8963500
7300951
7238968
7037783
6777712
2225467
13066746
4475346
9881653
7153800
8585206
8735132
3662828
12161549
13913573
6858015
14283897
4038043
16132328
13736298
12051975
14153139
12273688
11380600
13653384
5887942
8739783
10717621
10353651
321730
14554279
2789432
5975582
9955467
13770525
8593657
10990865
15605090
4392709
5336468
9737550
10131382
6079299
3593054
2166829
14236932
1593949
11919850
12347478
14331538
4623737
3120509
3594614
4065429
9638092
16024450
8280764
11641161
1962911
6306992
1686301
6321887
9953740
12007478
5272901
8327376
16715893
11334436
10370803
7341632
2640756
4920354
4082667
9371991
7535597
5260161
15265499
14446699
1918428
3774426
6003310
6795936
9709200
9190774
15671676
170067
3441491
11513915
5820046
15190316
5388895
1004016
16306167
9233398
16720824
4493153
2576034
1829039
11622204
1389388
3805465
13647150
16223376
13720514
6685332
9175470
4637778
5636941
5998029
12889660
8198969
13682709
6081765
13788597
6710135
3931684
8397368
9173035
5198304
6876142
9386195
4011806
13653765
9432918
7491157
5085892
11467643
16263870
11250247
10222268
16735784
4655819
16406645
8294204
1347202
10853415
6214551
15922033
8548115
5980624
3449709
1142852
1954222
9453122
13835455
16548102
